0 0.485418 0.525313 0.131180 0.111542
0 0.171402 0.511778 0.100711 0.139361
0 0.166387 0.412715 0.056180 0.090097
0 0.202023 0.347243 0.049063 0.061403
0 0.172945 0.310153 0.058859 0.047611
0 0.925305 0.409951 0.049531 0.063458
0 0.716016 0.317736 0.063234 0.047139
0 0.670805 0.295028 0.038687 0.036139
0 0.688160 0.273257 0.025086 0.027097
0 0.662609 0.279944 0.033109 0.025361
0 0.132758 0.258250 0.028031 0.029722
0 0.161281 0.260729 0.035906 0.034681
0 0.186367 0.263208 0.033609 0.030889
0 0.213742 0.268458 0.027375 0.033222
