0 0.474215 0.524722 0.130664 0.111528
0 0.178516 0.501417 0.096547 0.135000
0 0.166035 0.409507 0.056320 0.089347
0 0.201883 0.345486 0.049250 0.060556
0 0.170336 0.309729 0.058625 0.047625
0 0.923797 0.409951 0.052547 0.063458
0 0.720895 0.318583 0.063227 0.047139
0 0.670805 0.295028 0.038687 0.036139
0 0.689105 0.272910 0.025086 0.027097
0 0.664578 0.279799 0.033109 0.025347
0 0.132758 0.258250 0.028031 0.029722
0 0.161281 0.260729 0.035906 0.034681
0 0.186367 0.263208 0.033609 0.030889
0 0.213742 0.268458 0.027375 0.033222
