0 0.496629 0.525903 0.131695 0.111528
0 0.164289 0.522132 0.104891 0.143708
0 0.166742 0.415938 0.056047 0.090847
0 0.202164 0.348993 0.048875 0.062236
0 0.175555 0.310569 0.059094 0.047611
0 0.926809 0.409951 0.046523 0.063458
0 0.711137 0.316903 0.063227 0.047139
0 0.670805 0.295028 0.038687 0.036139
0 0.687219 0.273611 0.025078 0.027111
0 0.660645 0.280083 0.033117 0.025361
0 0.132758 0.258250 0.028031 0.029722
0 0.161281 0.260729 0.035906 0.034681
0 0.186367 0.263208 0.033609 0.030889
0 0.213742 0.268458 0.027375 0.033222
