0 0.669215 0.273549 0.016164 0.021542
0 0.685672 0.278611 0.015406 0.026944
0 0.671383 0.350917 0.037922 0.043444
0 0.695957 0.325833 0.025383 0.037056
0 0.842895 0.371590 0.070211 0.050736
0 0.735660 0.412056 0.042008 0.061889
0 0.820457 0.493368 0.061086 0.095736
0 0.308125 0.376715 0.062219 0.061181
0 0.042141 0.555965 0.083359 0.121208
0 0.074313 0.409167 0.064406 0.054250
0 0.085066 0.386257 0.075133 0.056125
0 0.044930 0.349222 0.028828 0.036667
0 0.073855 0.348236 0.034523 0.035917
0 0.101086 0.348451 0.033672 0.037792
0 0.131797 0.347653 0.032203 0.035167
