0 0.672895 0.273410 0.016164 0.021542
0 0.690172 0.277917 0.015406 0.026944
0 0.674254 0.359771 0.040414 0.045347
0 0.694098 0.331563 0.026008 0.038153
0 0.841043 0.375604 0.070211 0.050736
0 0.736828 0.423757 0.042687 0.064208
0 0.820688 0.512729 0.063141 0.100125
0 0.327852 0.374465 0.062031 0.056986
0 0.056453 0.532063 0.087078 0.108569
0 0.071797 0.412889 0.064406 0.054250
0 0.070078 0.389660 0.075141 0.056125
0 0.044277 0.352264 0.028836 0.036667
0 0.072180 0.351646 0.034516 0.035931
0 0.100578 0.351618 0.033672 0.037792
0 0.130727 0.350833 0.032203 0.035167
