0 0.671949 0.273535 0.016164 0.021542
0 0.689016 0.278229 0.015406 0.026931
0 0.673445 0.357715 0.040406 0.045347
0 0.694309 0.330250 0.026008 0.038167
0 0.841590 0.374312 0.070211 0.050736
0 0.736652 0.420882 0.042680 0.064208
0 0.820867 0.507563 0.063141 0.100125
0 0.322797 0.374917 0.062109 0.058667
0 0.052254 0.537868 0.088477 0.111569
0 0.072008 0.411944 0.064406 0.054250
0 0.073937 0.388785 0.075141 0.056125
0 0.044383 0.351708 0.028828 0.036667
0 0.072461 0.350833 0.034516 0.035917
0 0.100684 0.350868 0.033680 0.037792
0 0.130727 0.350153 0.032203 0.035167
