0 0.666590 0.273208 0.016164 0.021556
0 0.682469 0.278438 0.015406 0.026931
0 0.669676 0.343486 0.032961 0.039639
0 0.698625 0.320910 0.024109 0.034819
0 0.843863 0.370035 0.070211 0.050736
0 0.734211 0.402993 0.040656 0.057236
0 0.819090 0.480521 0.056992 0.086958
0 0.293941 0.378958 0.062227 0.061194
0 0.034516 0.574757 0.068906 0.131403
0 0.078297 0.406403 0.064406 0.054250
0 0.095750 0.383840 0.075141 0.056125
0 0.045707 0.345944 0.028836 0.036667
0 0.075797 0.345472 0.034516 0.035917
0 0.101570 0.345854 0.033672 0.037792
0 0.133934 0.344715 0.032195 0.035181
