0 0.674785 0.273160 0.016164 0.021542
0 0.692484 0.277292 0.015406 0.026944
0 0.675867 0.363896 0.040406 0.045347
0 0.693680 0.334181 0.026016 0.038167
0 0.839949 0.378188 0.070211 0.050736
0 0.737176 0.429493 0.042680 0.064208
0 0.820320 0.523076 0.063141 0.100125
0 0.337957 0.373562 0.061883 0.053625
0 0.064855 0.520458 0.084258 0.102528
0 0.071375 0.414757 0.064406 0.054264
0 0.062359 0.391396 0.075141 0.056125
0 0.044066 0.353389 0.028836 0.036667
0 0.071621 0.353264 0.034523 0.035917
0 0.100367 0.353104 0.033672 0.037792
0 0.130727 0.352208 0.032203 0.035167
