0 0.670996 0.273660 0.016164 0.021542
0 0.687859 0.278542 0.015406 0.026944
0 0.672641 0.355660 0.040406 0.045347
0 0.694520 0.328944 0.026008 0.038167
0 0.842137 0.373021 0.070211 0.050736
0 0.736477 0.418014 0.042687 0.064194
0 0.821047 0.502382 0.063141 0.100125
0 0.317742 0.375368 0.062187 0.060347
0 0.048055 0.543674 0.089891 0.114597
0 0.072219 0.411014 0.064406 0.054250
0 0.077793 0.387910 0.075133 0.056125
0 0.044488 0.351146 0.028836 0.036681
0 0.072742 0.350028 0.034516 0.035917
0 0.100789 0.350118 0.033672 0.037792
0 0.130727 0.349458 0.032203 0.035167
