0 0.670090 0.273667 0.016164 0.021556
0 0.686742 0.278667 0.015406 0.026944
0 0.671953 0.353389 0.039578 0.044722
0 0.695066 0.327465 0.025805 0.037792
0 0.842566 0.372118 0.070211 0.050736
0 0.736145 0.415076 0.042461 0.063431
0 0.820914 0.497660 0.062453 0.098653
0 0.312852 0.375965 0.062219 0.061181
0 0.044684 0.549708 0.088180 0.117806
0 0.072984 0.410083 0.064406 0.054250
0 0.081504 0.387062 0.075133 0.056125
0 0.044668 0.350319 0.028836 0.036667
0 0.073207 0.349153 0.034523 0.035917
0 0.100922 0.349312 0.033672 0.037792
0 0.131086 0.348632 0.032203 0.035181
