0 0.667465 0.273319 0.016164 0.021556
0 0.683539 0.278500 0.015406 0.026944
0 0.670246 0.345958 0.034617 0.040917
0 0.697734 0.322556 0.024531 0.035556
0 0.843543 0.370563 0.070211 0.050736
0 0.734695 0.406014 0.041109 0.058778
0 0.819547 0.484806 0.058359 0.089889
0 0.298668 0.378215 0.062227 0.061181
0 0.037059 0.568500 0.073727 0.128000
0 0.076969 0.407319 0.064406 0.054250
0 0.092188 0.384646 0.075141 0.056125
0 0.045449 0.347042 0.028836 0.036667
0 0.075148 0.346396 0.034516 0.035931
0 0.101406 0.346722 0.033672 0.037778
0 0.133219 0.345694 0.032203 0.035167
