0 0.673840 0.273285 0.016164 0.021542
0 0.691328 0.277611 0.015406 0.026944
0 0.675063 0.361826 0.040406 0.045347
0 0.693887 0.332875 0.026008 0.038167
0 0.840496 0.376896 0.070211 0.050736
0 0.737004 0.426618 0.042680 0.064208
0 0.820508 0.517903 0.063141 0.100139
0 0.332902 0.374014 0.061961 0.055306
0 0.060652 0.526264 0.085664 0.105556
0 0.071586 0.413819 0.064406 0.054250
0 0.066219 0.390521 0.075141 0.056125
0 0.044172 0.352833 0.028828 0.036667
0 0.071902 0.352458 0.034523 0.035917
0 0.100473 0.352368 0.033680 0.037792
0 0.130727 0.351521 0.032203 0.035181
