0 0.668340 0.273431 0.016164 0.021556
0 0.684609 0.278556 0.015406 0.026944
0 0.670813 0.348438 0.036266 0.042181
0 0.696844 0.324194 0.024953 0.036306
0 0.843215 0.371076 0.070211 0.050736
0 0.735180 0.409028 0.041563 0.060333
0 0.820004 0.489090 0.059727 0.092819
0 0.303398 0.377465 0.062219 0.061181
0 0.039602 0.562236 0.078547 0.124611
0 0.075641 0.408243 0.064406 0.054264
0 0.088629 0.385451 0.075133 0.056125
0 0.045191 0.348132 0.028836 0.036681
0 0.074500 0.347319 0.034516 0.035917
0 0.101246 0.347590 0.033680 0.037792
0 0.132508 0.346674 0.032203 0.035181
