0 0.701539 0.547083 0.022703 0.027417
0 0.304355 0.606646 0.064195 0.047181
0 0.184625 0.707486 0.074812 0.078361
0 0.091016 0.660611 0.065703 0.053917
0 0.110555 0.636312 0.061234 0.059792
0 0.053609 0.641153 0.044125 0.057028
0 0.042633 0.652444 0.025875 0.052528
0 0.139359 0.594063 0.033844 0.034569
0 0.109906 0.593847 0.036375 0.034556
0 0.079875 0.594250 0.030734 0.037333
0 0.054758 0.594424 0.032656 0.034903
0 0.825594 0.680090 0.050453 0.072292
0 0.788766 0.740514 0.087359 0.099722
1 0.534441 0.782458 0.057898 0.104083
1 0.402168 0.601889 0.023227 0.044667
