0 0.696371 0.553451 0.022695 0.027431
0 0.327090 0.607958 0.064195 0.047167
0 0.199156 0.699958 0.074906 0.073500
0 0.088793 0.664903 0.065711 0.053917
0 0.108332 0.640049 0.061242 0.059792
0 0.051234 0.645653 0.044125 0.057028
0 0.040465 0.656389 0.026148 0.052528
0 0.137176 0.597743 0.033852 0.034569
0 0.107723 0.597938 0.036367 0.034569
0 0.077687 0.597799 0.030734 0.037319
0 0.053031 0.597965 0.032656 0.034903
0 0.828512 0.693611 0.050445 0.076333
0 0.774047 0.754597 0.099047 0.103083
1 0.480230 0.792285 0.057898 0.104097
1 0.427199 0.600222 0.023227 0.044667
