0 0.695078 0.555076 0.022703 0.027431
0 0.332777 0.608285 0.064195 0.047181
0 0.202793 0.698076 0.074930 0.072264
0 0.088238 0.665979 0.065711 0.053903
0 0.107773 0.640993 0.061234 0.059792
0 0.050641 0.646771 0.044125 0.057014
0 0.039926 0.657382 0.026211 0.052542
0 0.136629 0.598667 0.033852 0.034556
0 0.107180 0.598958 0.036375 0.034556
0 0.077141 0.598681 0.030734 0.037333
0 0.052602 0.598854 0.032656 0.034903
0 0.829242 0.697000 0.050453 0.077333
0 0.770371 0.758118 0.101977 0.103931
1 0.466676 0.794736 0.057898 0.104083
