0 0.698961 0.550208 0.022703 0.027417
0 0.315723 0.607299 0.064195 0.047181
0 0.191891 0.703715 0.074859 0.075931
0 0.089906 0.662764 0.065703 0.053917
0 0.109445 0.638181 0.061234 0.059778
0 0.052422 0.643403 0.044125 0.057028
0 0.041547 0.654417 0.026016 0.052528
0 0.138266 0.595903 0.033844 0.034556
0 0.108816 0.595889 0.036367 0.034556
0 0.078781 0.596021 0.030734 0.037319
0 0.053895 0.596201 0.032664 0.034903
0 0.827051 0.686847 0.050445 0.074306
0 0.781406 0.747556 0.093203 0.101417
1 0.507336 0.787368 0.057891 0.104097
1 0.414684 0.601056 0.023227 0.044667
