0 0.428652 0.607083 0.061602 0.050750
0 0.758289 0.945833 0.101250 0.107000
0 0.706613 0.541681 0.022695 0.027417
0 0.281617 0.605326 0.064188 0.047181
0 0.170086 0.715014 0.074719 0.083250
0 0.093238 0.656319 0.065711 0.053917
0 0.112773 0.632563 0.061234 0.059792
0 0.055984 0.636653 0.044125 0.057028
0 0.044797 0.648493 0.025609 0.052542
0 0.141543 0.590389 0.033852 0.034556
0 0.112094 0.589764 0.036375 0.034556
0 0.082055 0.590708 0.030734 0.037333
0 0.056480 0.590882 0.032664 0.034903
0 0.822676 0.666569 0.050445 0.068250
0 0.803477 0.726424 0.075672 0.096375
1 0.588652 0.772632 0.057898 0.104097
1 0.377141 0.603563 0.023219 0.044681
