0 0.702805 0.545736 0.022703 0.027417
0 0.298668 0.606312 0.064195 0.047181
0 0.180988 0.709361 0.074789 0.079583
0 0.091570 0.659542 0.065703 0.053917
0 0.111109 0.635368 0.061234 0.059792
0 0.054203 0.640028 0.044125 0.057028
0 0.043172 0.651458 0.025812 0.052528
0 0.139906 0.593146 0.033844 0.034569
0 0.110453 0.592826 0.036375 0.034569
0 0.080422 0.593368 0.030734 0.037319
0 0.055188 0.593535 0.032656 0.034903
0 0.824863 0.676708 0.050445 0.071278
0 0.792445 0.736986 0.084437 0.098889
1 0.547992 0.780000 0.057891 0.104083
1 0.395910 0.602306 0.023227 0.044667
