0 0.756117 0.948646 0.101906 0.100931
0 0.705344 0.543028 0.022703 0.027417
0 0.287301 0.605660 0.064195 0.047181
0 0.173723 0.713132 0.074742 0.082014
0 0.092684 0.657396 0.065711 0.053903
0 0.112219 0.633493 0.061234 0.059792
0 0.055391 0.637778 0.044125 0.057028
0 0.044254 0.649479 0.025680 0.052542
0 0.141000 0.591306 0.033844 0.034556
0 0.111547 0.590785 0.036375 0.034569
0 0.081508 0.591597 0.030734 0.037333
0 0.056051 0.591771 0.032664 0.034903
0 0.823402 0.669951 0.050445 0.069264
0 0.799801 0.729944 0.078586 0.097222
1 0.575098 0.775090 0.057898 0.104097
1 0.383398 0.603146 0.023219 0.044681
