0 0.697668 0.551826 0.022695 0.027431
0 0.321410 0.607632 0.064195 0.047181
0 0.195523 0.701840 0.074891 0.074708
0 0.089348 0.663833 0.065711 0.053917
0 0.108887 0.639118 0.061242 0.059792
0 0.051828 0.644528 0.044125 0.057028
0 0.041008 0.655403 0.026078 0.052528
0 0.137719 0.596819 0.033844 0.034556
0 0.108270 0.596917 0.036367 0.034556
0 0.078234 0.596910 0.030734 0.037319
0 0.053461 0.597076 0.032656 0.034903
0 0.827785 0.690229 0.050445 0.075319
0 0.777727 0.751076 0.096125 0.102236
1 0.493781 0.789826 0.057891 0.104097
1 0.420941 0.600639 0.023227 0.044667
