0 0.753945 0.951465 0.102563 0.094847
0 0.704074 0.544382 0.022695 0.027431
0 0.292988 0.605979 0.064195 0.047181
0 0.177355 0.711250 0.074773 0.080806
0 0.092129 0.658472 0.065711 0.053917
0 0.111664 0.634437 0.061234 0.059792
0 0.054797 0.638903 0.044125 0.057028
0 0.043715 0.650472 0.025742 0.052528
0 0.140453 0.592222 0.033844 0.034556
0 0.111000 0.591806 0.036375 0.034556
0 0.080969 0.592479 0.030734 0.037319
0 0.055617 0.592653 0.032656 0.034917
0 0.824137 0.673326 0.050445 0.070264
0 0.796121 0.733465 0.081508 0.098042
1 0.561547 0.777549 0.057891 0.104097
1 0.389652 0.602722 0.023227 0.044667
