0 0.700254 0.548583 0.022695 0.027417
0 0.310039 0.606965 0.064188 0.047181
0 0.188258 0.705604 0.074844 0.077153
0 0.090461 0.661687 0.065703 0.053903
0 0.110000 0.637243 0.061234 0.059792
0 0.053016 0.642278 0.044125 0.057028
0 0.042090 0.653431 0.025945 0.052528
0 0.138813 0.594986 0.033844 0.034556
0 0.109359 0.594875 0.036375 0.034556
0 0.079328 0.595139 0.030734 0.037333
0 0.054324 0.595313 0.032664 0.034903
0 0.826324 0.683472 0.050445 0.073306
0 0.785086 0.744035 0.090281 0.100569
1 0.520887 0.784910 0.057898 0.104097
1 0.408426 0.601472 0.023227 0.044667
