0 0.151081 0.158806 0.028568 0.042815
0 0.287026 0.235782 0.027854 0.046583
0 0.313625 0.229352 0.032573 0.044074
0 0.351513 0.219208 0.020068 0.039028
0 0.909690 0.368125 0.045797 0.039028
0 0.942185 0.401833 0.066714 0.054537
0 0.864833 0.349921 0.038948 0.036046
0 0.826516 0.319093 0.034229 0.044907
0 0.804052 0.306292 0.030927 0.036935
0 0.777534 0.292935 0.033995 0.036093
0 0.757703 0.278380 0.034469 0.036093
0 0.737404 0.267611 0.033755 0.037352
0 0.718003 0.247523 0.031870 0.031028
0 0.651224 0.192824 0.039656 0.029370
0 0.642055 0.178556 0.036828 0.029370
0 0.630086 0.168218 0.029036 0.025602
0 0.629799 0.156120 0.035734 0.023611
0 0.620911 0.147032 0.035021 0.028250
0 0.616435 0.133597 0.036286 0.025861
0 0.612099 0.116801 0.031542 0.024176
0 0.605229 0.106782 0.034552 0.024176
0 0.601266 0.094500 0.032729 0.020667
0 0.594497 0.083199 0.039766 0.028102
0 0.584784 0.057972 0.037630 0.040333
0 0.575156 0.041792 0.027990 0.018972
0 0.571180 0.030931 0.027828 0.021083
0 0.561326 0.024657 0.028068 0.023611
0 0.480964 0.020940 0.016365 0.022769
0 0.490083 0.036213 0.015813 0.030074
0 0.499055 0.056176 0.020005 0.025296
0 0.509516 0.079296 0.021188 0.024167
0 0.516953 0.099755 0.020396 0.028676
0 0.531958 0.129144 0.023875 0.026565
0 0.544443 0.152718 0.021500 0.027269
1 0.552237 0.168940 0.017380 0.020398
1 0.570352 0.195245 0.019839 0.018361
1 0.574039 0.206819 0.014099 0.018361
1 0.584987 0.219005 0.022297 0.023898
