0 0.151031 0.158671 0.028562 0.042806
0 0.287026 0.235634 0.027854 0.046583
0 0.313583 0.229125 0.032573 0.044065
0 0.351471 0.218949 0.020068 0.039028
0 0.909648 0.367829 0.045797 0.039028
0 0.926187 0.398597 0.067708 0.055657
0 0.864854 0.349657 0.038948 0.036056
0 0.826495 0.318833 0.034229 0.044907
0 0.804010 0.306032 0.030927 0.036935
0 0.777513 0.292713 0.033995 0.036093
0 0.757682 0.278231 0.034469 0.036093
0 0.737320 0.267426 0.033755 0.037352
0 0.718023 0.247264 0.031870 0.031028
0 0.651193 0.192708 0.039656 0.029380
0 0.642044 0.178440 0.036828 0.029380
0 0.630055 0.168069 0.029036 0.025602
0 0.629784 0.155991 0.035734 0.023611
0 0.620901 0.146903 0.035021 0.028250
0 0.616393 0.133458 0.036286 0.025861
0 0.612068 0.116699 0.031542 0.024176
0 0.605201 0.106662 0.034547 0.024176
0 0.601255 0.094384 0.032729 0.020657
0 0.594482 0.083088 0.039766 0.028102
0 0.584753 0.057861 0.037630 0.040333
0 0.575130 0.041681 0.027990 0.018972
0 0.571143 0.030829 0.027828 0.021083
0 0.561326 0.024509 0.028068 0.023611
0 0.480943 0.020755 0.016365 0.022769
0 0.490052 0.036083 0.015813 0.030074
0 0.499026 0.056042 0.020000 0.025306
0 0.509479 0.079125 0.021187 0.024176
0 0.516922 0.099630 0.020396 0.028667
0 0.531917 0.128995 0.023875 0.026565
0 0.544398 0.152579 0.021505 0.027269
1 0.552258 0.168792 0.017380 0.020398
1 0.570372 0.195060 0.019839 0.018361
1 0.574060 0.206745 0.014099 0.018361
1 0.584987 0.218819 0.022297 0.023898
