0 0.151096 0.158847 0.028568 0.042806
0 0.287026 0.235838 0.027854 0.046583
0 0.313638 0.229431 0.032578 0.044065
0 0.351529 0.219301 0.020068 0.039028
0 0.909706 0.368227 0.045797 0.039028
0 0.948081 0.402736 0.066339 0.054157
0 0.864828 0.350009 0.038948 0.036056
0 0.826521 0.319181 0.034229 0.044898
0 0.804065 0.306380 0.030922 0.036926
0 0.777539 0.293009 0.033995 0.036093
0 0.757711 0.278431 0.034464 0.036083
0 0.737432 0.267676 0.033760 0.037352
0 0.717995 0.247616 0.031865 0.031028
0 0.651232 0.192866 0.039661 0.029380
0 0.642057 0.178597 0.036823 0.029380
0 0.630096 0.168269 0.029036 0.025593
0 0.629805 0.156157 0.035734 0.023611
0 0.620917 0.147079 0.035021 0.028250
0 0.616445 0.133648 0.036286 0.025852
0 0.612112 0.116838 0.031547 0.024176
0 0.605240 0.106829 0.034552 0.024176
0 0.601271 0.094542 0.032729 0.020657
0 0.594505 0.083231 0.039771 0.028111
0 0.584794 0.058009 0.037630 0.040333
0 0.575164 0.041833 0.027984 0.018981
0 0.571190 0.030963 0.027828 0.021074
0 0.561326 0.024713 0.028068 0.023611
0 0.480974 0.021005 0.016365 0.022769
0 0.490091 0.036259 0.015807 0.030074
0 0.499065 0.056218 0.020005 0.025306
0 0.509526 0.079356 0.021187 0.024176
0 0.516964 0.099796 0.020396 0.028667
0 0.531974 0.129199 0.023875 0.026565
0 0.544458 0.152764 0.021500 0.027269
1 0.552232 0.168991 0.017380 0.020407
1 0.570344 0.195310 0.019833 0.018361
1 0.574034 0.206847 0.014099 0.018361
1 0.584987 0.219060 0.022297 0.023898
