0 0.151130 0.158940 0.028562 0.042806
0 0.287026 0.235931 0.027854 0.046583
0 0.313669 0.229579 0.032578 0.044065
0 0.351555 0.219472 0.020068 0.039037
0 0.909732 0.368421 0.045797 0.039028
0 0.961005 0.404199 0.065490 0.053398
0 0.864812 0.350185 0.038948 0.036056
0 0.826536 0.319352 0.034229 0.044907
0 0.804094 0.306556 0.030927 0.036926
0 0.777555 0.293157 0.033995 0.036093
0 0.757724 0.278528 0.034469 0.036093
0 0.737487 0.267796 0.033755 0.037352
0 0.717982 0.247787 0.031870 0.031037
0 0.651253 0.192940 0.039661 0.029380
0 0.642062 0.178671 0.036823 0.029380
0 0.630122 0.168366 0.029036 0.025602
0 0.629815 0.156241 0.035734 0.023611
0 0.620924 0.147171 0.035026 0.028250
0 0.616477 0.133745 0.036286 0.025861
0 0.612133 0.116903 0.031547 0.024176
0 0.605258 0.106912 0.034547 0.024176
0 0.601281 0.094616 0.032729 0.020657
0 0.594518 0.083306 0.039766 0.028111
0 0.584818 0.058083 0.037635 0.040333
0 0.575180 0.041912 0.027984 0.018972
0 0.571216 0.031032 0.027828 0.021083
0 0.561326 0.024806 0.028068 0.023611
0 0.480984 0.021125 0.016365 0.022769
0 0.490109 0.036347 0.015813 0.030083
0 0.499083 0.056306 0.020000 0.025296
0 0.509552 0.079468 0.021187 0.024176
0 0.516987 0.099880 0.020401 0.028667
0 0.532000 0.129301 0.023875 0.026565
0 0.544487 0.152856 0.021505 0.027269
1 0.552216 0.169088 0.017380 0.020398
1 0.570331 0.195431 0.019839 0.018361
1 0.574018 0.206894 0.014099 0.018361
1 0.584987 0.219190 0.022297 0.023898
