0 0.151016 0.158630 0.028563 0.042815
0 0.287026 0.235588 0.027854 0.046583
0 0.313570 0.229051 0.032578 0.044065
0 0.351458 0.218866 0.020062 0.039028
0 0.909633 0.367731 0.045797 0.039037
0 0.920854 0.397519 0.068042 0.056037
0 0.864862 0.349574 0.038953 0.036056
0 0.826490 0.318750 0.034229 0.044907
0 0.803995 0.305949 0.030927 0.036935
0 0.777505 0.292639 0.033990 0.036093
0 0.757674 0.278185 0.034464 0.036093
0 0.737292 0.267361 0.033760 0.037352
0 0.718029 0.247181 0.031870 0.031028
0 0.651185 0.192671 0.039661 0.029380
0 0.642044 0.178398 0.036828 0.029370
0 0.630044 0.168023 0.029036 0.025602
0 0.629779 0.155954 0.035734 0.023611
0 0.620896 0.146856 0.035021 0.028250
0 0.616378 0.133412 0.036286 0.025861
0 0.612057 0.116662 0.031542 0.024176
0 0.605190 0.106616 0.034547 0.024176
0 0.601250 0.094343 0.032729 0.020667
0 0.594477 0.083051 0.039766 0.028102
0 0.584742 0.057824 0.037630 0.040333
0 0.575122 0.041634 0.027984 0.018972
0 0.571128 0.030792 0.027828 0.021083
0 0.561326 0.024463 0.028068 0.023611
0 0.480938 0.020690 0.016365 0.022769
0 0.490042 0.036037 0.015812 0.030074
0 0.499016 0.055995 0.020000 0.025306
0 0.509464 0.079069 0.021187 0.024176
0 0.516909 0.099588 0.020401 0.028676
0 0.531906 0.128940 0.023875 0.026565
0 0.544383 0.152532 0.021505 0.027269
1 0.552266 0.168745 0.017375 0.020398
1 0.570380 0.195005 0.019833 0.018361
1 0.574070 0.206718 0.014099 0.018361
1 0.584987 0.218755 0.022297 0.023898
