0 0.151115 0.158894 0.028562 0.042806
0 0.287026 0.235884 0.027854 0.046583
0 0.313654 0.229505 0.032578 0.044065
0 0.351542 0.219384 0.020062 0.039028
0 0.909719 0.368329 0.045792 0.039028
0 0.954544 0.403468 0.065911 0.053787
0 0.864820 0.350093 0.038953 0.036056
0 0.826531 0.319269 0.034229 0.044907
0 0.804078 0.306468 0.030927 0.036935
0 0.777547 0.293083 0.033990 0.036093
0 0.757716 0.278481 0.034464 0.036093
0 0.737461 0.267731 0.033755 0.037352
0 0.717987 0.247699 0.031870 0.031028
0 0.651242 0.192903 0.039661 0.029380
0 0.642060 0.178634 0.036828 0.029380
0 0.630109 0.168319 0.029031 0.025602
0 0.629810 0.156204 0.035734 0.023611
0 0.620922 0.147125 0.035021 0.028250
0 0.616461 0.133699 0.036286 0.025861
0 0.612122 0.116875 0.031547 0.024176
0 0.605247 0.106866 0.034547 0.024176
0 0.601276 0.094579 0.032729 0.020657
0 0.594513 0.083269 0.039766 0.028111
0 0.584807 0.058046 0.037635 0.040333
0 0.575172 0.041875 0.027990 0.018972
0 0.571206 0.030995 0.027828 0.021083
0 0.561326 0.024759 0.028068 0.023611
0 0.480979 0.021060 0.016365 0.022769
0 0.490099 0.036306 0.015813 0.030074
0 0.499073 0.056259 0.020000 0.025296
0 0.509542 0.079412 0.021187 0.024176
0 0.516974 0.099838 0.020396 0.028676
0 0.531990 0.129250 0.023875 0.026556
0 0.544474 0.152810 0.021500 0.027269
1 0.552224 0.169042 0.017375 0.020398
1 0.570339 0.195375 0.019833 0.018361
1 0.574029 0.206866 0.014099 0.018361
1 0.584987 0.219125 0.022297 0.023898
