0 0.151161 0.159023 0.028562 0.042806
0 0.287026 0.236032 0.027854 0.046583
0 0.313695 0.229727 0.032578 0.044065
0 0.351583 0.219644 0.020062 0.039028
0 0.909763 0.368625 0.045797 0.039028
0 0.970802 0.405657 0.058396 0.052648
0 0.864799 0.350352 0.038953 0.036056
0 0.826552 0.319528 0.034229 0.044907
0 0.804120 0.306727 0.030927 0.036935
0 0.777568 0.293306 0.033990 0.036093
0 0.757737 0.278630 0.034464 0.036093
0 0.737544 0.267921 0.033755 0.037343
0 0.717966 0.247958 0.031870 0.031028
0 0.651271 0.193023 0.039656 0.029380
0 0.642068 0.178755 0.036823 0.029380
0 0.630143 0.168468 0.029036 0.025602
0 0.629826 0.156324 0.035734 0.023611
0 0.620932 0.147255 0.035021 0.028250
0 0.616503 0.133838 0.036286 0.025861
0 0.612156 0.116977 0.031542 0.024176
0 0.605279 0.106995 0.034547 0.024176
0 0.601286 0.094694 0.032729 0.020667
0 0.594529 0.083380 0.039766 0.028111
0 0.584841 0.058157 0.037630 0.040333
0 0.575198 0.041991 0.027990 0.018981
0 0.571242 0.031097 0.027828 0.021083
0 0.561326 0.024907 0.028068 0.023611
0 0.481000 0.021245 0.016365 0.022769
0 0.490130 0.036435 0.015813 0.030074
0 0.499104 0.056394 0.020000 0.025306
0 0.509578 0.079579 0.021188 0.024176
0 0.517010 0.099963 0.020396 0.028667
0 0.532029 0.129403 0.023880 0.026565
0 0.544518 0.152949 0.021505 0.027269
1 0.552203 0.169190 0.017375 0.020398
1 0.570318 0.195560 0.019833 0.018361
1 0.574008 0.206940 0.014099 0.018361
1 0.584987 0.219310 0.022297 0.023898
