0 0.151062 0.158764 0.028562 0.042806
0 0.287026 0.235736 0.027854 0.046583
0 0.313612 0.229278 0.032578 0.044074
0 0.351500 0.219125 0.020062 0.039028
0 0.909677 0.368028 0.045792 0.039037
0 0.936852 0.400755 0.067047 0.054917
0 0.864841 0.349833 0.038953 0.036056
0 0.826510 0.319009 0.034229 0.044907
0 0.804036 0.306208 0.030927 0.036935
0 0.777526 0.292861 0.033990 0.036093
0 0.757695 0.278333 0.034464 0.036093
0 0.737378 0.267546 0.033755 0.037352
0 0.718008 0.247440 0.031870 0.031028
0 0.651214 0.192782 0.039656 0.029380
0 0.642052 0.178514 0.036823 0.029380
0 0.630076 0.168171 0.029036 0.025602
0 0.629794 0.156074 0.035734 0.023611
0 0.620909 0.146995 0.035026 0.028250
0 0.616419 0.133551 0.036286 0.025861
0 0.612089 0.116769 0.031542 0.024167
0 0.605221 0.106745 0.034547 0.024176
0 0.601263 0.094458 0.032734 0.020657
0 0.594492 0.083162 0.039766 0.028102
0 0.584773 0.057935 0.037630 0.040333
0 0.575148 0.041755 0.027984 0.018972
0 0.571169 0.030894 0.027828 0.021083
0 0.561326 0.024611 0.028068 0.023611
0 0.480958 0.020875 0.016365 0.022769
0 0.490073 0.036171 0.015813 0.030083
0 0.499047 0.056130 0.020000 0.025296
0 0.509500 0.079241 0.021188 0.024167
0 0.516943 0.099713 0.020396 0.028667
0 0.531948 0.129097 0.023875 0.026565
0 0.544430 0.152671 0.021505 0.027269
1 0.552245 0.168894 0.017375 0.020398
1 0.570359 0.195190 0.019833 0.018361
1 0.574049 0.206792 0.014099 0.018361
1 0.584987 0.218940 0.022297 0.023898
