0 0.151047 0.158718 0.028563 0.042806
0 0.287026 0.235681 0.027854 0.046583
0 0.313596 0.229199 0.032578 0.044065
0 0.351487 0.219042 0.020068 0.039028
0 0.909664 0.367931 0.045797 0.039028
0 0.931521 0.399671 0.067375 0.055287
0 0.864849 0.349750 0.038948 0.036056
0 0.826500 0.318921 0.034229 0.044898
0 0.804023 0.306120 0.030922 0.036926
0 0.777518 0.292787 0.033995 0.036093
0 0.757687 0.278278 0.034469 0.036093
0 0.737349 0.267491 0.033760 0.037352
0 0.718018 0.247356 0.031870 0.031028
0 0.651203 0.192745 0.039656 0.029380
0 0.642049 0.178477 0.036828 0.029380
0 0.630065 0.168125 0.029036 0.025602
0 0.629789 0.156037 0.035734 0.023611
0 0.620904 0.146949 0.035026 0.028250
0 0.616404 0.133505 0.036286 0.025861
0 0.612078 0.116736 0.031542 0.024176
0 0.605211 0.106699 0.034547 0.024176
0 0.601260 0.094421 0.032729 0.020657
0 0.594487 0.083125 0.039766 0.028102
0 0.584763 0.057898 0.037630 0.040333
0 0.575138 0.041718 0.027984 0.018972
0 0.571154 0.030856 0.027828 0.021083
0 0.561326 0.024565 0.028068 0.023611
0 0.480953 0.020810 0.016365 0.022769
0 0.490063 0.036130 0.015813 0.030074
0 0.499036 0.056083 0.020000 0.025296
0 0.509490 0.079181 0.021187 0.024176
0 0.516932 0.099671 0.020396 0.028676
0 0.531932 0.129042 0.023875 0.026565
0 0.544414 0.152625 0.021505 0.027269
1 0.552253 0.168843 0.017380 0.020407
1 0.570365 0.195125 0.019833 0.018361
1 0.574055 0.206773 0.014099 0.018361
1 0.584987 0.218875 0.022297 0.023898
