0 0.151146 0.158981 0.028563 0.042815
0 0.287026 0.235986 0.027854 0.046583
0 0.313680 0.229653 0.032578 0.044065
0 0.351570 0.219560 0.020068 0.039028
0 0.909747 0.368523 0.045797 0.039028
0 0.967466 0.404931 0.065068 0.053028
0 0.864807 0.350269 0.038948 0.036056
0 0.826542 0.319444 0.034229 0.044907
0 0.804107 0.306644 0.030922 0.036935
0 0.777560 0.293231 0.033995 0.036093
0 0.757732 0.278579 0.034464 0.036083
0 0.737516 0.267861 0.033760 0.037352
0 0.717974 0.247875 0.031865 0.031028
0 0.651260 0.192981 0.039656 0.029370
0 0.642065 0.178713 0.036828 0.029370
0 0.630133 0.168417 0.029036 0.025593
0 0.629820 0.156287 0.035734 0.023611
0 0.620930 0.147218 0.035026 0.028250
0 0.616487 0.133792 0.036286 0.025861
0 0.612143 0.116940 0.031547 0.024176
0 0.605268 0.106949 0.034547 0.024176
0 0.601284 0.094657 0.032734 0.020667
0 0.594523 0.083343 0.039766 0.028111
0 0.584831 0.058120 0.037630 0.040333
0 0.575190 0.041949 0.027984 0.018972
0 0.571227 0.031069 0.027828 0.021083
0 0.561326 0.024861 0.028068 0.023611
0 0.480995 0.021190 0.016365 0.022769
0 0.490120 0.036389 0.015813 0.030074
0 0.499094 0.056352 0.020000 0.025296
0 0.509563 0.079523 0.021188 0.024176
0 0.516997 0.099921 0.020401 0.028676
0 0.532016 0.129356 0.023875 0.026565
0 0.544503 0.152903 0.021505 0.027269
1 0.552208 0.169144 0.017375 0.020398
1 0.570323 0.195495 0.019833 0.018361
1 0.574013 0.206921 0.014099 0.018361
1 0.584987 0.219245 0.022297 0.023898
