0 0.233201 0.406417 0.023495 0.026222
0 0.248734 0.397259 0.025000 0.026722
0 0.268146 0.385532 0.013250 0.024287
0 0.610531 0.354852 0.024042 0.018463
0 0.583852 0.354565 0.021307 0.017722
0 0.559294 0.348444 0.011474 0.023556
0 0.543938 0.346769 0.012156 0.018944
0 0.527503 0.345630 0.013797 0.020407
0 0.513763 0.342347 0.013661 0.020398
0 0.499839 0.340329 0.012979 0.021620
0 0.485057 0.334185 0.013250 0.016759
0 0.433122 0.321569 0.019255 0.017546
0 0.422862 0.317440 0.016224 0.016694
0 0.414112 0.314662 0.015370 0.016361
0 0.410953 0.309847 0.018594 0.017028
0 0.401367 0.306218 0.018307 0.017546
0 0.394714 0.301611 0.016979 0.015685
0 0.387557 0.295245 0.016979 0.015009
0 0.380721 0.291824 0.018214 0.016019
0 0.375227 0.287065 0.018026 0.015519
0 0.356125 0.272718 0.019448 0.022731
0 0.345628 0.270259 0.008391 0.012981
0 0.341133 0.267565 0.010630 0.012315
0 0.335990 0.263699 0.011479 0.012139
0 0.329159 0.261556 0.013755 0.014167
0 0.066630 0.156532 0.011229 0.011102
0 0.193206 0.239755 0.011828 0.015750
0 0.257003 0.211917 0.011380 0.010444
0 0.360781 0.321093 0.015688 0.016667
0 0.346208 0.311194 0.018187 0.016111
0 0.328641 0.300343 0.016000 0.015556
0 0.316469 0.293250 0.016750 0.014667
0 0.304417 0.285074 0.015312 0.015111
0 0.293281 0.276519 0.012563 0.016667
0 0.281620 0.271167 0.012938 0.014000
0 0.274813 0.262528 0.016500 0.013222
0 0.265479 0.257880 0.016375 0.011333
0 0.261958 0.252366 0.016688 0.011639
0 0.255068 0.246380 0.017812 0.012333
0 0.247505 0.243130 0.016750 0.013222
0 0.238089 0.235731 0.017375 0.012000
0 0.224708 0.225426 0.016250 0.012000
0 0.221068 0.221435 0.017125 0.013222
1 0.436286 0.367412 0.009667 0.017250
1 0.404271 0.343602 0.012458 0.013407
1 0.392766 0.336370 0.011052 0.011389
