0 0.233263 0.406519 0.023495 0.026222
0 0.248839 0.397338 0.025000 0.026713
0 0.268193 0.385634 0.013250 0.024287
0 0.610542 0.354894 0.024042 0.018454
0 0.583875 0.354667 0.021313 0.017722
0 0.559357 0.348565 0.011474 0.023556
0 0.543995 0.346833 0.012156 0.018944
0 0.527576 0.345755 0.013797 0.020398
0 0.513839 0.342431 0.013656 0.020398
0 0.499885 0.340398 0.012979 0.021611
0 0.485115 0.334282 0.013250 0.016750
0 0.433190 0.321690 0.019255 0.017546
0 0.422935 0.317560 0.016224 0.016694
0 0.414138 0.314750 0.015370 0.016352
0 0.410992 0.309968 0.018599 0.017028
0 0.401424 0.306278 0.018307 0.017537
0 0.394776 0.301722 0.016979 0.015685
0 0.387635 0.295338 0.016979 0.015009
0 0.380781 0.291935 0.018219 0.016019
0 0.375253 0.287157 0.018026 0.015519
0 0.356164 0.272815 0.019411 0.022796
0 0.345721 0.270366 0.008443 0.012991
0 0.341203 0.267667 0.010625 0.012315
0 0.336052 0.263824 0.011479 0.012148
0 0.329221 0.261662 0.013755 0.014176
0 0.062714 0.155069 0.011146 0.010935
0 0.190521 0.236935 0.011687 0.015556
0 0.257016 0.212009 0.011333 0.010444
0 0.360818 0.321241 0.015688 0.016667
0 0.346229 0.311287 0.018188 0.016111
0 0.328672 0.300444 0.016000 0.015556
0 0.316542 0.293352 0.016750 0.014667
0 0.304474 0.285194 0.015312 0.015111
0 0.293339 0.276602 0.012563 0.016667
0 0.281651 0.271250 0.012938 0.014000
0 0.274870 0.262620 0.016500 0.013222
0 0.265500 0.257944 0.016375 0.011333
0 0.262000 0.252449 0.016687 0.011639
0 0.255078 0.246426 0.017813 0.012333
0 0.247505 0.243167 0.016750 0.013222
0 0.238125 0.235806 0.017375 0.012000
0 0.224703 0.225491 0.016250 0.012000
0 0.221089 0.221519 0.017125 0.013222
1 0.443375 0.369861 0.009729 0.017444
1 0.404328 0.343713 0.012458 0.013407
1 0.392742 0.336403 0.011026 0.011380
