0 0.233138 0.406315 0.023495 0.026222
0 0.248635 0.397181 0.025000 0.026713
0 0.268096 0.385431 0.013255 0.024287
0 0.610521 0.354810 0.024042 0.018454
0 0.583828 0.354463 0.021313 0.017722
0 0.559232 0.348324 0.011474 0.023556
0 0.543880 0.346694 0.012156 0.018944
0 0.527432 0.345505 0.013802 0.020398
0 0.513685 0.342264 0.013661 0.020398
0 0.499792 0.340264 0.012979 0.021620
0 0.485000 0.334093 0.013250 0.016759
0 0.433055 0.321454 0.019255 0.017537
0 0.422792 0.317319 0.016219 0.016694
0 0.414081 0.314579 0.015370 0.016361
0 0.410917 0.309731 0.018594 0.017037
0 0.401310 0.306157 0.018307 0.017537
0 0.394651 0.301500 0.016979 0.015685
0 0.387482 0.295153 0.016984 0.015009
0 0.380659 0.291713 0.018214 0.016019
0 0.375206 0.286972 0.018026 0.015519
0 0.356091 0.272620 0.019484 0.022648
0 0.345534 0.270157 0.008339 0.012981
0 0.341062 0.267463 0.010625 0.012315
0 0.335927 0.263569 0.011479 0.012139
0 0.329096 0.261444 0.013755 0.014167
0 0.070549 0.157995 0.011318 0.011250
0 0.195888 0.242569 0.011974 0.015935
0 0.256990 0.211824 0.011427 0.010444
0 0.360745 0.320935 0.015688 0.016667
0 0.346193 0.311102 0.018187 0.016111
0 0.328604 0.300241 0.016000 0.015556
0 0.316401 0.293157 0.016750 0.014667
0 0.304359 0.284954 0.015313 0.015111
0 0.293219 0.276444 0.012563 0.016667
0 0.281594 0.271083 0.012938 0.014000
0 0.274750 0.262435 0.016500 0.013222
0 0.265453 0.257815 0.016375 0.011333
0 0.261911 0.252292 0.016687 0.011639
0 0.255057 0.246343 0.017812 0.012333
0 0.247505 0.243093 0.016750 0.013222
0 0.238052 0.235657 0.017375 0.012000
0 0.224714 0.225352 0.016250 0.012000
0 0.221042 0.221343 0.017125 0.013222
1 0.429203 0.364963 0.009604 0.017056
1 0.404214 0.343491 0.012458 0.013407
1 0.392786 0.336329 0.011073 0.011398
