0 0.233326 0.406625 0.023495 0.026231
0 0.248937 0.397412 0.025000 0.026713
0 0.268240 0.385736 0.013250 0.024287
0 0.610549 0.354935 0.024047 0.018463
0 0.583901 0.354769 0.021312 0.017722
0 0.559417 0.348685 0.011479 0.023556
0 0.544052 0.346903 0.012156 0.018935
0 0.527648 0.345884 0.013797 0.020398
0 0.513914 0.342519 0.013661 0.020407
0 0.499932 0.340468 0.012979 0.021620
0 0.485172 0.334375 0.013250 0.016750
0 0.433255 0.321810 0.019260 0.017546
0 0.423008 0.317676 0.016224 0.016704
0 0.414169 0.314838 0.015370 0.016361
0 0.411031 0.310088 0.018594 0.017028
0 0.401482 0.306338 0.018307 0.017546
0 0.394839 0.301833 0.016979 0.015685
0 0.387711 0.295431 0.016984 0.015009
0 0.380844 0.292046 0.018219 0.016019
0 0.375276 0.287250 0.018021 0.015519
0 0.356198 0.272912 0.019375 0.022880
0 0.345813 0.270468 0.008500 0.012991
0 0.341276 0.267769 0.010625 0.012315
0 0.336115 0.263954 0.011479 0.012148
0 0.329284 0.261773 0.013755 0.014176
0 0.058794 0.153606 0.011068 0.010787
0 0.187839 0.234120 0.011542 0.015370
0 0.257034 0.212111 0.011286 0.010444
0 0.360859 0.321398 0.015688 0.016667
0 0.346250 0.311389 0.018187 0.016111
0 0.328708 0.300546 0.016000 0.015556
0 0.316615 0.293444 0.016750 0.014667
0 0.304531 0.285315 0.015312 0.015111
0 0.293401 0.276676 0.012563 0.016667
0 0.281677 0.271333 0.012938 0.014000
0 0.274932 0.262722 0.016500 0.013222
0 0.265526 0.258019 0.016375 0.011333
0 0.262042 0.252523 0.016687 0.011639
0 0.255089 0.246472 0.017812 0.012333
0 0.247505 0.243194 0.016750 0.013222
0 0.238167 0.235889 0.017375 0.012000
0 0.224698 0.225556 0.016250 0.012000
0 0.221115 0.221602 0.017125 0.013222
1 0.450458 0.372315 0.009792 0.017630
1 0.404385 0.343819 0.012458 0.013398
1 0.392724 0.336444 0.011000 0.011370
