0 0.233357 0.406671 0.023495 0.026231
0 0.248990 0.397449 0.025000 0.026713
0 0.268266 0.385782 0.013250 0.024287
0 0.610555 0.354958 0.024047 0.018454
0 0.583911 0.354819 0.021312 0.017731
0 0.559448 0.348745 0.011479 0.023565
0 0.544081 0.346935 0.012161 0.018944
0 0.527685 0.345949 0.013797 0.020398
0 0.513956 0.342560 0.013661 0.020398
0 0.499958 0.340500 0.012979 0.021611
0 0.485201 0.334426 0.013255 0.016759
0 0.433292 0.321870 0.019260 0.017537
0 0.423044 0.317736 0.016224 0.016694
0 0.414182 0.314875 0.015365 0.016361
0 0.411049 0.310148 0.018599 0.017037
0 0.401510 0.306366 0.018312 0.017546
0 0.394870 0.301889 0.016979 0.015685
0 0.387750 0.295477 0.016979 0.015009
0 0.380875 0.292102 0.018219 0.016019
0 0.375289 0.287301 0.018026 0.015509
0 0.356216 0.272963 0.019359 0.022926
0 0.345862 0.270519 0.008526 0.012981
0 0.341312 0.267819 0.010625 0.012306
0 0.336146 0.264019 0.011479 0.012148
0 0.329315 0.261824 0.013755 0.014167
0 0.056833 0.152880 0.011021 0.010704
0 0.186497 0.232718 0.011474 0.015269
0 0.257042 0.212157 0.011260 0.010444
0 0.360880 0.321472 0.015688 0.016667
0 0.346260 0.311435 0.018187 0.016111
0 0.328724 0.300593 0.016000 0.015556
0 0.316651 0.293491 0.016750 0.014667
0 0.304563 0.285370 0.015313 0.015111
0 0.293432 0.276713 0.012563 0.016667
0 0.281693 0.271380 0.012938 0.014000
0 0.274964 0.262769 0.016500 0.013222
0 0.265536 0.258046 0.016375 0.011333
0 0.262062 0.252560 0.016687 0.011639
0 0.255094 0.246491 0.017812 0.012333
0 0.247505 0.243213 0.016750 0.013222
0 0.238182 0.235926 0.017375 0.012000
0 0.224693 0.225593 0.016250 0.012000
0 0.221125 0.221648 0.017125 0.013222
1 0.454000 0.373542 0.009823 0.017731
1 0.404417 0.343875 0.012458 0.013398
1 0.392714 0.336463 0.010990 0.011370
