0 0.233294 0.406569 0.023495 0.026231
0 0.248885 0.397375 0.025000 0.026713
0 0.268216 0.385681 0.013255 0.024287
0 0.610544 0.354917 0.024047 0.018463
0 0.583885 0.354718 0.021313 0.017731
0 0.559385 0.348625 0.011479 0.023565
0 0.544023 0.346870 0.012161 0.018944
0 0.527612 0.345819 0.013797 0.020398
0 0.513878 0.342477 0.013661 0.020398
0 0.499911 0.340431 0.012979 0.021620
0 0.485143 0.334329 0.013255 0.016750
0 0.433224 0.321750 0.019260 0.017537
0 0.422971 0.317616 0.016224 0.016694
0 0.414154 0.314792 0.015370 0.016361
0 0.411010 0.310028 0.018594 0.017037
0 0.401453 0.306306 0.018312 0.017537
0 0.394807 0.301778 0.016979 0.015685
0 0.387674 0.295384 0.016984 0.015009
0 0.380812 0.291991 0.018219 0.016019
0 0.375263 0.287204 0.018026 0.015519
0 0.356182 0.272866 0.019396 0.022843
0 0.345768 0.270412 0.008474 0.012991
0 0.341240 0.267713 0.010625 0.012315
0 0.336083 0.263889 0.011479 0.012148
0 0.329253 0.261718 0.013755 0.014176
0 0.060753 0.154338 0.011109 0.010861
0 0.189180 0.235528 0.011620 0.015463
0 0.257023 0.212065 0.011307 0.010444
0 0.360839 0.321324 0.015688 0.016667
0 0.346240 0.311343 0.018187 0.016111
0 0.328688 0.300491 0.016000 0.015556
0 0.316578 0.293398 0.016750 0.014667
0 0.304505 0.285250 0.015312 0.015111
0 0.293370 0.276639 0.012563 0.016667
0 0.281667 0.271296 0.012938 0.014000
0 0.274901 0.262676 0.016500 0.013222
0 0.265516 0.257981 0.016375 0.011333
0 0.262021 0.252486 0.016688 0.011639
0 0.255083 0.246444 0.017812 0.012333
0 0.247505 0.243176 0.016750 0.013222
0 0.238146 0.235852 0.017375 0.012000
0 0.224698 0.225528 0.016250 0.012000
0 0.221099 0.221556 0.017125 0.013222
1 0.446917 0.371093 0.009760 0.017537
1 0.404357 0.343764 0.012464 0.013398
1 0.392732 0.336421 0.011016 0.011380
