0 0.233169 0.406366 0.023495 0.026231
0 0.248688 0.397218 0.025000 0.026713
0 0.268120 0.385477 0.013250 0.024287
0 0.610526 0.354829 0.024042 0.018454
0 0.583839 0.354514 0.021313 0.017731
0 0.559263 0.348389 0.011474 0.023556
0 0.543909 0.346731 0.012161 0.018944
0 0.527466 0.345565 0.013797 0.020407
0 0.513721 0.342306 0.013661 0.020407
0 0.499812 0.340296 0.012979 0.021611
0 0.485029 0.334139 0.013255 0.016759
0 0.433089 0.321509 0.019260 0.017537
0 0.422826 0.317375 0.016224 0.016694
0 0.414096 0.314625 0.015370 0.016361
0 0.410932 0.309787 0.018594 0.017037
0 0.401339 0.306185 0.018312 0.017537
0 0.394682 0.301556 0.016979 0.015685
0 0.387521 0.295199 0.016979 0.015009
0 0.380690 0.291769 0.018214 0.016019
0 0.375216 0.287019 0.018026 0.015519
0 0.356107 0.272667 0.019464 0.022685
0 0.345578 0.270208 0.008365 0.012991
0 0.341099 0.267509 0.010625 0.012315
0 0.335958 0.263634 0.011479 0.012139
0 0.329128 0.261500 0.013755 0.014167
0 0.068589 0.157264 0.011271 0.011176
0 0.194547 0.241162 0.011906 0.015843
0 0.256995 0.211870 0.011406 0.010444
0 0.360760 0.321009 0.015688 0.016667
0 0.346198 0.311148 0.018187 0.016111
0 0.328620 0.300287 0.016000 0.015556
0 0.316437 0.293204 0.016750 0.014667
0 0.304391 0.285009 0.015312 0.015111
0 0.293250 0.276481 0.012563 0.016667
0 0.281604 0.271120 0.012938 0.014000
0 0.274781 0.262481 0.016500 0.013222
0 0.265464 0.257843 0.016375 0.011333
0 0.261932 0.252329 0.016687 0.011639
0 0.255063 0.246361 0.017812 0.012333
0 0.247505 0.243111 0.016750 0.013222
0 0.238068 0.235694 0.017375 0.012000
0 0.224708 0.225389 0.016250 0.012000
0 0.221052 0.221389 0.017125 0.013222
1 0.432745 0.366185 0.009635 0.017148
1 0.404242 0.343546 0.012464 0.013407
1 0.392776 0.336347 0.011063 0.011398
