0 0.233232 0.406468 0.023495 0.026231
0 0.248786 0.397296 0.025000 0.026722
0 0.268167 0.385579 0.013250 0.024287
0 0.610536 0.354870 0.024042 0.018463
0 0.583865 0.354616 0.021313 0.017731
0 0.559326 0.348509 0.011474 0.023556
0 0.543966 0.346796 0.012161 0.018944
0 0.527539 0.345694 0.013797 0.020407
0 0.513799 0.342389 0.013661 0.020407
0 0.499862 0.340366 0.012974 0.021620
0 0.485086 0.334231 0.013255 0.016759
0 0.433156 0.321630 0.019260 0.017537
0 0.422898 0.317495 0.016224 0.016694
0 0.414125 0.314708 0.015365 0.016361
0 0.410974 0.309907 0.018594 0.017037
0 0.401396 0.306250 0.018312 0.017537
0 0.394745 0.301667 0.016979 0.015685
0 0.387596 0.295292 0.016984 0.015009
0 0.380750 0.291880 0.018219 0.016019
0 0.375240 0.287111 0.018021 0.015519
0 0.356146 0.272769 0.019427 0.022759
0 0.345672 0.270310 0.008417 0.012991
0 0.341167 0.267611 0.010625 0.012315
0 0.336021 0.263759 0.011479 0.012148
0 0.329190 0.261611 0.013755 0.014167
0 0.064672 0.155801 0.011187 0.011028
0 0.191865 0.238347 0.011760 0.015657
0 0.257010 0.211963 0.011354 0.010444
0 0.360802 0.321167 0.015688 0.016667
0 0.346219 0.311241 0.018188 0.016111
0 0.328656 0.300389 0.016000 0.015556
0 0.316505 0.293296 0.016750 0.014667
0 0.304448 0.285130 0.015312 0.015111
0 0.293313 0.276565 0.012563 0.016667
0 0.281635 0.271204 0.012937 0.014000
0 0.274839 0.262574 0.016500 0.013222
0 0.265490 0.257917 0.016375 0.011333
0 0.261979 0.252407 0.016687 0.011648
0 0.255073 0.246407 0.017812 0.012333
0 0.247505 0.243148 0.016750 0.013222
0 0.238109 0.235769 0.017375 0.012000
0 0.224703 0.225454 0.016250 0.012000
0 0.221078 0.221472 0.017125 0.013222
1 0.439833 0.368634 0.009698 0.017343
1 0.404299 0.343657 0.012464 0.013407
1 0.392755 0.336384 0.011042 0.011380
