0 0.233107 0.406264 0.023495 0.026231
0 0.248589 0.397144 0.025000 0.026713
0 0.268073 0.385375 0.013250 0.024287
0 0.610516 0.354787 0.024042 0.018463
0 0.583815 0.354412 0.021307 0.017731
0 0.559201 0.348269 0.011474 0.023556
0 0.543849 0.346667 0.012156 0.018944
0 0.527396 0.345440 0.013802 0.020398
0 0.513648 0.342218 0.013661 0.020398
0 0.499766 0.340227 0.012979 0.021620
0 0.484971 0.334046 0.013255 0.016759
0 0.433021 0.321389 0.019260 0.017537
0 0.422755 0.317259 0.016219 0.016704
0 0.414068 0.314537 0.015365 0.016352
0 0.410896 0.309667 0.018594 0.017037
0 0.401281 0.306130 0.018312 0.017537
0 0.394620 0.301444 0.016979 0.015685
0 0.387443 0.295106 0.016979 0.015009
0 0.380628 0.291657 0.018214 0.016019
0 0.375190 0.286926 0.018026 0.015519
0 0.356073 0.272569 0.019500 0.022602
0 0.345484 0.270106 0.008312 0.012991
0 0.341026 0.267407 0.010625 0.012315
0 0.335896 0.263505 0.011479 0.012139
0 0.329065 0.261389 0.013755 0.014167
0 0.072508 0.158722 0.011359 0.011333
0 0.197232 0.243981 0.012047 0.016037
0 0.256979 0.211778 0.011448 0.010444
0 0.360724 0.320861 0.015688 0.016667
0 0.346182 0.311056 0.018187 0.016111
0 0.328589 0.300185 0.016000 0.015556
0 0.316365 0.293111 0.016750 0.014667
0 0.304328 0.284889 0.015312 0.015111
0 0.293188 0.276407 0.012563 0.016667
0 0.281578 0.271037 0.012937 0.014000
0 0.274719 0.262389 0.016500 0.013222
0 0.265443 0.257778 0.016375 0.011333
0 0.261891 0.252255 0.016688 0.011639
0 0.255052 0.246315 0.017812 0.012333
0 0.247505 0.243074 0.016750 0.013222
0 0.238031 0.235620 0.017375 0.012000
0 0.224714 0.225324 0.016250 0.012000
0 0.221031 0.221306 0.017125 0.013222
1 0.425661 0.363731 0.009573 0.016963
1 0.404182 0.343435 0.012458 0.013407
1 0.392799 0.336310 0.011089 0.011398
